
Loading the model ...
  input file   : 10x10Grid1x0x1S9.pomdp
  loading time : 39.03s 

SARSOP initializing ...
  initialization time : 6790.95s

-------------------------------------------------------------------------------
 Time   |#Trial |#Backup |LBound    |UBound    |Precision  |#Alphas |#Beliefs  
-------------------------------------------------------------------------------
 6790.95 0       0        -7.57931   1.61191    9.19122     4        1        
 7746.28 1       50       -5.09523   1.60854    6.70378     46       29       
 8661.64 4       100      -2.14783   1.60826    3.75608     64       36       
 9575.98 6       150      -1.25421   1.60826    2.86247     91       40       
 10656.5 9       209      -0.894124  1.60826    2.50238     136      48       
 11486.2 11      255      -0.748872  1.60826    2.35713     126      56       
 12349   13      303      -0.532175  1.60826    2.14043     121      64       
 13220.8 16      350      -0.322649  1.60826    1.9309      158      69       
 14232.4 19      405      -0.265088  1.60826    1.87334     185      75       
 15332.2 21      467      -0.166298  1.60826    1.77455     165      90       
 15936.3 22      500      -0.129635  1.60826    1.73789     141      99       
 16855.9 25      550      -0.0396445 1.60826    1.6479      137      102      
 17767.7 28      600      -0.00115481 1.60826    1.60941     168      107      
 18695.5 31      650      0.0311767  1.60826    1.57708     168      117      
 19621.9 33      700      0.323625   1.60826    1.28463     139      127      
 20547.9 35      750      0.376645   1.60826    1.23161     143      137      
 21465   37      800      0.501027   1.60826    1.10723     146      145      
 22391.3 40      850      0.521224   1.60826    1.08703     179      149      
 23326.4 43      900      0.543109   1.60826    1.06515     181      152      
 24268.1 46      950      0.651576   1.60826    0.956679    173      154      
 25178.5 47      1000     0.654817   1.60826    0.953439    177      175      
 26088.9 49      1050     0.661674   1.60826    0.946582    199      179      
 27034.7 51      1103     0.664578   1.60826    0.943678    230      191      
 27904.6 53      1150     0.687784   1.60826    0.920471    230      202      
 28799.2 54      1200     0.706398   1.60826    0.901858    255      215      
 29724.6 56      1250     0.709917   1.60826    0.898338    276      225      
 30722.8 58      1303     0.791633   1.60826    0.816623    251      231      
-------------------------------------------------------------------------------

SARSOP finishing ...
  Preset timeout reached
  Timeout     : 30000.000000s
  Actual Time : 30722.808000s

-------------------------------------------------------------------------------
 Time   |#Trial |#Backup |LBound    |UBound    |Precision  |#Alphas |#Beliefs  
-------------------------------------------------------------------------------
 30722.8 58      1303     0.791633   1.60826    0.816623    251      231      
-------------------------------------------------------------------------------

Writing out policy ...
  output file : 10x10Grid1x0x1S9.policy

